"","V1","V2","V3","V4","V5","V6","V7","V8","V9","V10","V11","V12","V13","V14","V15","V16","V17","V18","V19","V20","V21","V22","V23","V24","V25","V26","V27","V28","V29","V30","V31","V32","V33","V34","V35","V36","V37","V38","V39","V40"
"1",1,0.86318635133611,0.838574759231684,0.895048094358579,0.75160495359197,0.787332584173152,0.906792628513262,0.807988725409786,0.681152319690462,0.791297800586782,0.814275331370197,0.840727441147163,0.798256997240457,0.738444969613139,0.745346435873173,0.599676922694771,0.759201416756371,0.779365746568896,0.875442818448469,0.836820410045757,0.859504144286456,0.879706556101847,0.7999742209003,0.80789504413782,0.818257320123613,0.887360878104225,0.877201972894756,0.847653407057728,0.845131178189092,0.880543528356842,0.877978408473287,0.797967501617791,0.812533895439904,0.820735012218246,0.822532648517564,0.855787650311272,0.875502652846129,0.833725245865364,0.867598110595516,0.600449726880226
"2",0.86318635133611,1,0.811840063746192,0.861164299946044,0.688092602103257,0.751022897793306,0.905863839655351,0.818598822858537,0.645383331774512,0.764872477936994,0.783261435753626,0.826287181189983,0.769935490976603,0.738157057797471,0.735858344774362,0.574037321132319,0.743636472624257,0.808343175031337,0.867674899887709,0.835605123141988,0.82499707916192,0.868305051805976,0.732786929948878,0.765266588985406,0.8213937687444,0.892843068349275,0.886757869346821,0.841039652984422,0.848790591531467,0.86862121705682,0.862246299634245,0.815641503812494,0.767356039529337,0.804306836436549,0.823945105850316,0.842713754695657,0.864877110887529,0.800483638039155,0.850582340284908,0.61408287710385
"3",0.838574759231684,0.811840063746192,1,0.839227629133228,0.730504517439463,0.70871324008973,0.852752700619462,0.740689929221124,0.639637447614517,0.770030627025546,0.780412547244112,0.762763941066006,0.77383278432547,0.712341057840611,0.725796501351312,0.505336652819958,0.678603498330082,0.756599429741833,0.811064924074003,0.786231273526427,0.782331798072131,0.822677366805716,0.716143552533203,0.760115886460119,0.758355902189428,0.822072052273425,0.847851221337029,0.79561733817478,0.78469330016103,0.809548409858569,0.823954040335885,0.776998492891093,0.76035803323122,0.754117183954605,0.761614660673302,0.804037530192106,0.819665779183585,0.766726531166958,0.827512491121434,0.613981334570839
"4",0.895048094358579,0.861164299946044,0.839227629133228,1,0.761067572989048,0.781403793818997,0.922147430728339,0.818215882219231,0.669548595611183,0.775247211070066,0.854293245189702,0.842868845505118,0.811903281461433,0.758029784481673,0.715741961042031,0.607542222684412,0.743758476352087,0.834934378278517,0.899182745730994,0.867714009757882,0.836010846990445,0.895494014073322,0.78422650745241,0.810998492032109,0.838887735848967,0.906779682045978,0.89396742108207,0.866399853878818,0.867833175597005,0.901362765224646,0.888227235678007,0.815736764083486,0.830904909606755,0.830409287462882,0.834450133105215,0.849146913295417,0.86825355414384,0.817130275726517,0.879153936290666,0.639610028969817
"5",0.75160495359197,0.688092602103257,0.730504517439463,0.761067572989048,1,0.697138741002229,0.760955371165215,0.739664711170682,0.518907666505143,0.691862076923249,0.710230950601331,0.732592780448093,0.67050483896268,0.696249993054065,0.627656510658651,0.519043696301249,0.662871819507775,0.676926712094717,0.736575783854919,0.707871794947059,0.716732934821281,0.739698743815179,0.637034123133012,0.65390914095951,0.704639057955858,0.763310924582541,0.750602519689317,0.712150312500365,0.737200224766481,0.745484565958816,0.739500243979581,0.687646193044555,0.725655533402632,0.686389067227398,0.6683031916121,0.762161104360253,0.757231696977375,0.673866504013848,0.733833307499045,0.54369608344845
"6",0.787332584173152,0.751022897793306,0.70871324008973,0.781403793818997,0.697138741002229,1,0.783223937374803,0.829390466624537,0.606642490054804,0.668408057022344,0.835629540506435,0.804910566051496,0.698356737664541,0.662100702678506,0.640272732254534,0.521782240134218,0.736856009379897,0.760625897633135,0.779939223238708,0.764135026764289,0.7340772817951,0.757857552416313,0.650375253287302,0.671548832662305,0.709502808392977,0.776034822621117,0.767752004808615,0.711964431272066,0.752734510051616,0.758628006260162,0.790319982636084,0.712875380629942,0.69237158740009,0.68372280980672,0.73001029739742,0.76017245864003,0.771050915573957,0.744067055659603,0.749901565641792,0.580026625003971
"7",0.906792628513262,0.905863839655351,0.852752700619462,0.922147430728339,0.760955371165215,0.783223937374803,1,0.841407533981832,0.686873849129288,0.78927159407075,0.846334554641345,0.87230657459224,0.829827684465429,0.760384304908726,0.729353761359527,0.620974105947513,0.772279991909034,0.832950287621357,0.909772081869506,0.882658040860012,0.871752441126708,0.926508209627953,0.783578425763678,0.808048129367824,0.853510538733716,0.936350384127769,0.933015785157788,0.883605527890699,0.895929669919035,0.921004224952883,0.91194850162642,0.84152657519069,0.837088500167542,0.858746635716509,0.852631717248796,0.879861343080757,0.899047161394326,0.817672760184178,0.894833851919677,0.64188880367576
"8",0.807988725409786,0.818598822858537,0.740689929221124,0.818215882219231,0.739664711170682,0.829390466624537,0.841407533981832,1,0.592383192616068,0.759633680021402,0.836430386447155,0.81651007265333,0.766703744189254,0.688442048989675,0.660944540943052,0.552515430964075,0.743502298266112,0.771428720095687,0.817225352981949,0.785330122693745,0.778401424393625,0.80914304922325,0.685517225116496,0.69914498315272,0.756712060075639,0.821036613227103,0.822055757929295,0.78581952673327,0.793983188314449,0.792830563824102,0.801472181789158,0.727256109239482,0.74731564701757,0.723064703666312,0.75178018288137,0.789811033798327,0.804337179225364,0.745507627846743,0.779744095497806,0.5726390482593
"9",0.681152319690462,0.645383331774512,0.639637447614517,0.669548595611183,0.518907666505143,0.606642490054804,0.686873849129288,0.592383192616068,1,0.574621800222059,0.608699981686806,0.653605943917356,0.565261207480549,0.584814866136692,0.585189739937355,0.43773693486435,0.59827426717253,0.583660541256394,0.666796492006222,0.676687212531551,0.575939404598477,0.6588353684665,0.530241036006343,0.560385537964121,0.613487207830488,0.670686854725117,0.662867624676116,0.668613879915045,0.632816877847596,0.671300732917722,0.681149539290665,0.629039103409095,0.614015178902274,0.629620352061549,0.669551781473523,0.627045406534421,0.649690430342894,0.61325599968807,0.627100203001479,0.467926813433122
"10",0.791297800586782,0.764872477936994,0.770030627025546,0.775247211070066,0.691862076923249,0.668408057022344,0.78927159407075,0.759633680021402,0.574621800222059,1,0.73975984553972,0.679899743772187,0.700292581504219,0.693350364990105,0.69378059767356,0.552976485614178,0.631843441333435,0.71837149109115,0.735516113215483,0.745490928936272,0.717137899965881,0.760145171713789,0.661439356282179,0.664869794864108,0.706937345609057,0.77976646963257,0.764347508567663,0.745585182701741,0.747987278370726,0.740665840880717,0.755774812078962,0.669516553130228,0.695990191994425,0.716905805322036,0.719348716538615,0.728954496615832,0.732771934159459,0.731705798493946,0.735044637993494,0.555369529646707
"11",0.814275331370197,0.783261435753626,0.780412547244112,0.854293245189702,0.710230950601331,0.835629540506435,0.846334554641345,0.836430386447155,0.608699981686806,0.73975984553972,1,0.820223945181833,0.750298698310453,0.704808336407227,0.702389436247418,0.549423167617595,0.722883618457342,0.78261195901516,0.819803913720223,0.802041983140948,0.782026017599689,0.839527335310267,0.714587373180527,0.730685142686777,0.781738041853163,0.832644942735411,0.84267454066218,0.784834832583671,0.814234861506091,0.814990120288769,0.833909971079143,0.759880923936355,0.755562557387726,0.755295651309101,0.729747233913151,0.803117962621094,0.807306289695257,0.754687896263277,0.809211635344383,0.624171770037028
"12",0.840727441147163,0.826287181189983,0.762763941066006,0.842868845505118,0.732592780448093,0.804910566051496,0.87230657459224,0.81651007265333,0.653605943917356,0.679899743772187,0.820223945181833,1,0.753348653522864,0.712505400362815,0.685994414295106,0.522499816002085,0.757676814359591,0.776225417865683,0.854775768077779,0.820237810709643,0.795176703444348,0.859366470260235,0.705648457172217,0.737156850273269,0.805417930346653,0.847419132773725,0.861952330105182,0.813964546215499,0.825267661627051,0.848978582997845,0.846208270318743,0.808225931196933,0.779566187941243,0.754349875142228,0.787333191151908,0.826907303836019,0.850402067109906,0.758111627106634,0.833738558625248,0.561193064892795
"13",0.798256997240457,0.769935490976603,0.77383278432547,0.811903281461433,0.67050483896268,0.698356737664541,0.829827684465429,0.766703744189254,0.565261207480549,0.700292581504219,0.750298698310453,0.753348653522864,1,0.679101986126422,0.642810426304973,0.570481735039034,0.665014486852131,0.766865401266867,0.787758752179731,0.768766237473681,0.765190604043386,0.794284258620911,0.74207292424556,0.712925771280264,0.718911947793652,0.801767365784206,0.80622342034697,0.762154851790479,0.79210533890615,0.775655664068493,0.783169610783977,0.727253672893405,0.729500274669248,0.737083114780094,0.732946534499346,0.741097112524363,0.766497320222993,0.717455577084661,0.805272325758777,0.545321000147981
"14",0.738444969613139,0.738157057797471,0.712341057840611,0.758029784481673,0.696249993054065,0.662100702678506,0.760384304908726,0.688442048989675,0.584814866136692,0.693350364990105,0.704808336407227,0.712505400362815,0.679101986126422,1,0.672568990379484,0.486968367246325,0.600166600136894,0.676370022286479,0.74917917087816,0.73448517439557,0.677854130538098,0.737465813109388,0.64293082085959,0.646041717133437,0.691608051022604,0.769820309293283,0.75273900090149,0.736139427110352,0.733639750050151,0.752502828522788,0.752761127435694,0.704624481240452,0.707135834378625,0.728462696068476,0.726881159991933,0.718081097964515,0.729240817424171,0.672179528606898,0.737435481906103,0.509022047100595
"15",0.745346435873173,0.735858344774362,0.725796501351312,0.715741961042031,0.627656510658651,0.640272732254534,0.729353761359527,0.660944540943052,0.585189739937355,0.69378059767356,0.702389436247418,0.685994414295106,0.642810426304973,0.672568990379484,1,0.492419591343311,0.563994008425345,0.661373693199489,0.718544018065021,0.694884614459039,0.67316882217423,0.735134607752177,0.652217054051471,0.647828257453241,0.682624273676908,0.735842216916164,0.726104069983402,0.710046737835643,0.729587964722991,0.732189702432191,0.714165122456093,0.713052627750353,0.658919589846715,0.674162924195515,0.707759238002135,0.725484849590476,0.721857295275756,0.695426442649228,0.747059997593701,0.536449620895994
"16",0.599676922694771,0.574037321132319,0.505336652819958,0.607542222684412,0.519043696301249,0.521782240134218,0.620974105947513,0.552515430964075,0.43773693486435,0.552976485614178,0.549423167617595,0.522499816002085,0.570481735039034,0.486968367246325,0.492419591343311,1,0.513266029392909,0.56949921488655,0.57552906062982,0.600420379597492,0.60499429987532,0.611833181881239,0.563764356191898,0.565034468163459,0.536913325475432,0.615113042329131,0.620118421957852,0.600494189494367,0.620223888905773,0.5963946924617,0.642078441317074,0.501151445183866,0.521005358936438,0.522441576997379,0.559903778368393,0.597697994768244,0.61815419068162,0.563492673969081,0.591340674088934,0.464790320538252
"17",0.759201416756371,0.743636472624257,0.678603498330082,0.743758476352087,0.662871819507775,0.736856009379897,0.772279991909034,0.743502298266112,0.59827426717253,0.631843441333435,0.722883618457342,0.757676814359591,0.665014486852131,0.600166600136894,0.563994008425345,0.513266029392909,1,0.662863623579548,0.726810057658992,0.755439846234186,0.727517729950902,0.731984764833034,0.627653330715176,0.66765266031636,0.692327964596997,0.765200964353615,0.725704357574473,0.706187846455748,0.708286073663355,0.717142327057524,0.732995596100796,0.723502653352573,0.686987161159154,0.673042395365191,0.634621914640326,0.722578717759736,0.726810809708707,0.714945645995734,0.680632478384621,0.538358317503899
"18",0.779365746568896,0.808343175031337,0.756599429741833,0.834934378278517,0.676926712094717,0.760625897633135,0.832950287621357,0.771428720095687,0.583660541256394,0.71837149109115,0.78261195901516,0.776225417865683,0.766865401266867,0.676370022286479,0.661373693199489,0.56949921488655,0.662863623579548,1,0.81232987435271,0.794528613096021,0.770157374460784,0.808947274056311,0.705305216813992,0.7258732102722,0.762484456113002,0.832142369886103,0.837069354419673,0.789669491156975,0.837602712151743,0.827029385345232,0.82914837757257,0.725469891935846,0.747750127551309,0.752488780851121,0.787213598156364,0.791342010065331,0.800074746685921,0.759151938977549,0.822752859461297,0.632812323073461
"19",0.875442818448469,0.867674899887709,0.811064924074003,0.899182745730994,0.736575783854919,0.779939223238708,0.909772081869506,0.817225352981949,0.666796492006222,0.735516113215483,0.819803913720223,0.854775768077779,0.787758752179731,0.74917917087816,0.718544018065021,0.57552906062982,0.726810057658992,0.81232987435271,1,0.854358060751499,0.826736477887388,0.891547838064842,0.765389139617427,0.798787911738011,0.845903148772615,0.890331671021811,0.895062467532511,0.847699316789054,0.880095419967003,0.898958466683247,0.880700118473768,0.80660769984529,0.811465713623905,0.815368942781886,0.852636121139774,0.853489900439697,0.881696651625263,0.793020161571883,0.876775820008087,0.607701714305767
"20",0.836820410045757,0.835605123141988,0.786231273526427,0.867714009757882,0.707871794947059,0.764135026764289,0.882658040860012,0.785330122693745,0.676687212531551,0.745490928936272,0.802041983140948,0.820237810709643,0.768766237473681,0.73448517439557,0.694884614459039,0.600420379597492,0.755439846234186,0.794528613096021,0.854358060751499,1,0.785445275600136,0.849873161891936,0.698257086704826,0.74012100245475,0.784824271558312,0.87812831277079,0.857450892904487,0.827509219045401,0.837523295228358,0.852816798698489,0.853445999440014,0.80407333933235,0.772970896343009,0.826695753731863,0.811142150047182,0.818194902449837,0.836031547186181,0.763196467814905,0.814403264037441,0.592205433273561
"21",0.859504144286456,0.82499707916192,0.782331798072131,0.836010846990445,0.716732934821281,0.7340772817951,0.871752441126708,0.778401424393625,0.575939404598477,0.717137899965881,0.782026017599689,0.795176703444348,0.765190604043386,0.677854130538098,0.67316882217423,0.60499429987532,0.727517729950902,0.770157374460784,0.826736477887388,0.785445275600136,1,0.870513607368412,0.852418831625296,0.873282979841898,0.796831052968523,0.886635702514049,0.870780495338573,0.828339022361988,0.820424492651505,0.868254384358414,0.85436682699116,0.783380736174283,0.819552070420666,0.813823583519825,0.795598126581237,0.847985816266738,0.863729306496388,0.868196425099496,0.833548245912172,0.621155862084684
"22",0.879706556101847,0.868305051805976,0.822677366805716,0.895494014073322,0.739698743815179,0.757857552416313,0.926508209627953,0.80914304922325,0.6588353684665,0.760145171713789,0.839527335310267,0.859366470260235,0.794284258620911,0.737465813109388,0.735134607752177,0.611833181881239,0.731984764833034,0.808947274056311,0.891547838064842,0.849873161891936,0.870513607368412,1,0.772831992199071,0.792867061408984,0.859929821388576,0.930774246322986,0.918885393342009,0.883381673715969,0.88077255964949,0.93710902435698,0.913378461561566,0.842988751409475,0.863679847772389,0.871428908064503,0.856393271352741,0.883730713237047,0.908616289190337,0.80651221496119,0.891720798905993,0.654424350061849
"23",0.7999742209003,0.732786929948878,0.716143552533203,0.78422650745241,0.637034123133012,0.650375253287302,0.783578425763678,0.685517225116496,0.530241036006343,0.661439356282179,0.714587373180527,0.705648457172217,0.74207292424556,0.64293082085959,0.652217054051471,0.563764356191898,0.627653330715176,0.705305216813992,0.765389139617427,0.698257086704826,0.852418831625296,0.772831992199071,1,0.861668872562379,0.695850440446487,0.78786853061715,0.779019180720784,0.748647832907191,0.75834248705273,0.778160766907221,0.779887346083655,0.682204555777807,0.733069071408879,0.717121952826762,0.743612664651675,0.741391762547451,0.764450195918283,0.819578406179782,0.813021662474761,0.571128590318689
"24",0.80789504413782,0.765266588985406,0.760115886460119,0.810998492032109,0.65390914095951,0.671548832662305,0.808048129367824,0.69914498315272,0.560385537964121,0.664869794864108,0.730685142686777,0.737156850273269,0.712925771280264,0.646041717133437,0.647828257453241,0.565034468163459,0.66765266031636,0.7258732102722,0.798787911738011,0.74012100245475,0.873282979841898,0.792867061408984,0.861668872562379,1,0.770597720795046,0.828812672970816,0.816575706015324,0.769185374897836,0.793080407818306,0.810489281068847,0.828161449432783,0.739301851153613,0.762259171780765,0.756379253069416,0.738166575868233,0.800953387749031,0.819343157234533,0.864833405862687,0.795869618566264,0.600461723133219
"25",0.818257320123613,0.8213937687444,0.758355902189428,0.838887735848967,0.704639057955858,0.709502808392977,0.853510538733716,0.756712060075639,0.613487207830488,0.706937345609057,0.781738041853163,0.805417930346653,0.718911947793652,0.691608051022604,0.682624273676908,0.536913325475432,0.692327964596997,0.762484456113002,0.845903148772615,0.784824271558312,0.796831052968523,0.859929821388576,0.695850440446487,0.770597720795046,1,0.84560207620758,0.873086514730069,0.8195994562817,0.830637476633565,0.852069515820241,0.8462427924496,0.765685303778675,0.772144214946058,0.770123998679457,0.778458861496498,0.883425866428793,0.882143988835831,0.786217634009295,0.829280688474517,0.579293934742312
"26",0.887360878104225,0.892843068349275,0.822072052273425,0.906779682045978,0.763310924582541,0.776034822621117,0.936350384127769,0.821036613227103,0.670686854725117,0.77976646963257,0.832644942735411,0.847419132773725,0.801767365784206,0.769820309293283,0.735842216916164,0.615113042329131,0.765200964353615,0.832142369886103,0.890331671021811,0.87812831277079,0.886635702514049,0.930774246322986,0.78786853061715,0.828812672970816,0.84560207620758,1,0.921020131242402,0.89898186994265,0.89976043992574,0.949152336302601,0.914446154039988,0.850434368627809,0.872361893013628,0.924094954201458,0.855200020280551,0.889823203265004,0.902684372175961,0.842146554852988,0.878857562333866,0.658558100868165
"27",0.877201972894756,0.886757869346821,0.847851221337029,0.89396742108207,0.750602519689317,0.767752004808615,0.933015785157788,0.822055757929295,0.662867624676116,0.764347508567663,0.84267454066218,0.861952330105182,0.80622342034697,0.75273900090149,0.726104069983402,0.620118421957852,0.725704357574473,0.837069354419673,0.895062467532511,0.857450892904487,0.870780495338573,0.918885393342009,0.779019180720784,0.816575706015324,0.873086514730069,0.921020131242402,1,0.875252867970958,0.909344124217951,0.900638609395456,0.915713227633108,0.816831236585734,0.821931665478994,0.844483631250246,0.840150101254591,0.905364372392248,0.92401889710133,0.81676059775307,0.898916982326079,0.655535816705693
"28",0.847653407057728,0.841039652984422,0.79561733817478,0.866399853878818,0.712150312500365,0.711964431272066,0.883605527890699,0.78581952673327,0.668613879915045,0.745585182701741,0.784834832583671,0.813964546215499,0.762154851790479,0.736139427110352,0.710046737835643,0.600494189494367,0.706187846455748,0.789669491156975,0.847699316789054,0.827509219045401,0.828339022361988,0.883381673715969,0.748647832907191,0.769185374897836,0.8195994562817,0.89898186994265,0.875252867970958,1,0.861227188737372,0.89259842654867,0.869326626556959,0.817175307505291,0.835216205841066,0.856945600812684,0.838768642658941,0.834347284839247,0.851597701404227,0.781598478664463,0.855107054171581,0.612109530960966
"29",0.845131178189092,0.848790591531467,0.78469330016103,0.867833175597005,0.737200224766481,0.752734510051616,0.895929669919035,0.793983188314449,0.632816877847596,0.747987278370726,0.814234861506091,0.825267661627051,0.79210533890615,0.733639750050151,0.729587964722991,0.620223888905773,0.708286073663355,0.837602712151743,0.880095419967003,0.837523295228358,0.820424492651505,0.88077255964949,0.75834248705273,0.793080407818306,0.830637476633565,0.89976043992574,0.909344124217951,0.861227188737372,1,0.891574502828828,0.887617032609276,0.789241656296058,0.814056831500543,0.823318564759008,0.813947429393578,0.863480466265921,0.879966458427415,0.780577785763553,0.867865115185206,0.675162731821243
"30",0.880543528356842,0.86862121705682,0.809548409858569,0.901362765224646,0.745484565958816,0.758628006260162,0.921004224952883,0.792830563824102,0.671300732917722,0.740665840880717,0.814990120288769,0.848978582997845,0.775655664068493,0.752502828522788,0.732189702432191,0.5963946924617,0.717142327057524,0.827029385345232,0.898958466683247,0.852816798698489,0.868254384358414,0.93710902435698,0.778160766907221,0.810489281068847,0.852069515820241,0.949152336302601,0.900638609395456,0.89259842654867,0.891574502828828,1,0.917677823788622,0.852676698737086,0.923912440450007,0.884406070600023,0.868293266322238,0.881424560071176,0.9034508213549,0.824078612822355,0.887225442662471,0.636624671126115
"31",0.877978408473287,0.862246299634245,0.823954040335885,0.888227235678007,0.739500243979581,0.790319982636084,0.91194850162642,0.801472181789158,0.681149539290665,0.755774812078962,0.833909971079143,0.846208270318743,0.783169610783977,0.752761127435694,0.714165122456093,0.642078441317074,0.732995596100796,0.82914837757257,0.880700118473768,0.853445999440014,0.85436682699116,0.913378461561566,0.779887346083655,0.828161449432783,0.8462427924496,0.914446154039988,0.915713227633108,0.869326626556959,0.887617032609276,0.917677823788622,1,0.840213295203958,0.864612818855973,0.838802961724124,0.851682612982016,0.881653623793756,0.903388447311058,0.819380203112564,0.876524874380365,0.694669041615848
"32",0.797967501617791,0.815641503812494,0.776998492891093,0.815736764083486,0.687646193044555,0.712875380629942,0.84152657519069,0.727256109239482,0.629039103409095,0.669516553130228,0.759880923936355,0.808225931196933,0.727253672893405,0.704624481240452,0.713052627750353,0.501151445183866,0.723502653352573,0.725469891935846,0.80660769984529,0.80407333933235,0.783380736174283,0.842988751409475,0.682204555777807,0.739301851153613,0.765685303778675,0.850434368627809,0.816831236585734,0.817175307505291,0.789241656296058,0.852676698737086,0.840213295203958,1,0.799931955750703,0.803035064114637,0.756625748140101,0.796391747726449,0.812487498619055,0.756578436875447,0.795026759640311,0.582882311898327
"33",0.812533895439904,0.767356039529337,0.76035803323122,0.830904909606755,0.725655533402632,0.69237158740009,0.837088500167542,0.74731564701757,0.614015178902274,0.695990191994425,0.755562557387726,0.779566187941243,0.729500274669248,0.707135834378625,0.658919589846715,0.521005358936438,0.686987161159154,0.747750127551309,0.811465713623905,0.772970896343009,0.819552070420666,0.863679847772389,0.733069071408879,0.762259171780765,0.772144214946058,0.872361893013628,0.821931665478994,0.835216205841066,0.814056831500543,0.923912440450007,0.864612818855973,0.799931955750703,1,0.810381222774645,0.775711357002315,0.818397575550315,0.831878777217354,0.753881420478655,0.798489131906997,0.597037568763917
"34",0.820735012218246,0.804306836436549,0.754117183954605,0.830409287462882,0.686389067227398,0.68372280980672,0.858746635716509,0.723064703666312,0.629620352061549,0.716905805322036,0.755295651309101,0.754349875142228,0.737083114780094,0.728462696068476,0.674162924195515,0.522441576997379,0.673042395365191,0.752488780851121,0.815368942781886,0.826695753731863,0.813823583519825,0.871428908064503,0.717121952826762,0.756379253069416,0.770123998679457,0.924094954201458,0.844483631250246,0.856945600812684,0.823318564759008,0.884406070600023,0.838802961724124,0.803035064114637,0.810381222774645,1,0.793371429720798,0.808939426118156,0.821991046205722,0.779990105226639,0.807392467760288,0.594922530549684
"35",0.822532648517564,0.823945105850316,0.761614660673302,0.834450133105215,0.6683031916121,0.73001029739742,0.852631717248796,0.75178018288137,0.669551781473523,0.719348716538615,0.729747233913151,0.787333191151908,0.732946534499346,0.726881159991933,0.707759238002135,0.559903778368393,0.634621914640326,0.787213598156364,0.852636121139774,0.811142150047182,0.795598126581237,0.856393271352741,0.743612664651675,0.738166575868233,0.778458861496498,0.855200020280551,0.840150101254591,0.838768642658941,0.813947429393578,0.868293266322238,0.851682612982016,0.756625748140101,0.775711357002315,0.793371429720798,1,0.812353619312439,0.847060769757035,0.769315497816807,0.842862244907813,0.561295178490405
"36",0.855787650311272,0.842713754695657,0.804037530192106,0.849146913295417,0.762161104360253,0.76017245864003,0.879861343080757,0.789811033798327,0.627045406534421,0.728954496615832,0.803117962621094,0.826907303836019,0.741097112524363,0.718081097964515,0.725484849590476,0.597697994768244,0.722578717759736,0.791342010065331,0.853489900439697,0.818194902449837,0.847985816266738,0.883730713237047,0.741391762547451,0.800953387749031,0.883425866428793,0.889823203265004,0.905364372392248,0.834347284839247,0.863480466265921,0.881424560071176,0.881653623793756,0.796391747726449,0.818397575550315,0.808939426118156,0.812353619312439,1,0.98271470548219,0.821984336573325,0.851822999542898,0.602529990257859
"37",0.875502652846129,0.864877110887529,0.819665779183585,0.86825355414384,0.757231696977375,0.771050915573957,0.899047161394326,0.804337179225364,0.649690430342894,0.732771934159459,0.807306289695257,0.850402067109906,0.766497320222993,0.729240817424171,0.721857295275756,0.61815419068162,0.726810809708707,0.800074746685921,0.881696651625263,0.836031547186181,0.863729306496388,0.908616289190337,0.764450195918283,0.819343157234533,0.882143988835831,0.902684372175961,0.92401889710133,0.851597701404227,0.879966458427415,0.9034508213549,0.903388447311058,0.812487498619055,0.831878777217354,0.821991046205722,0.847060769757035,0.98271470548219,1,0.830346439439944,0.87375159082589,0.599491907016604
"38",0.833725245865364,0.800483638039155,0.766726531166958,0.817130275726517,0.673866504013848,0.744067055659603,0.817672760184178,0.745507627846743,0.61325599968807,0.731705798493946,0.754687896263277,0.758111627106634,0.717455577084661,0.672179528606898,0.695426442649228,0.563492673969081,0.714945645995734,0.759151938977549,0.793020161571883,0.763196467814905,0.868196425099496,0.80651221496119,0.819578406179782,0.864833405862687,0.786217634009295,0.842146554852988,0.81676059775307,0.781598478664463,0.780577785763553,0.824078612822355,0.819380203112564,0.756578436875447,0.753881420478655,0.779990105226639,0.769315497816807,0.821984336573325,0.830346439439944,1,0.798545029808973,0.608479297707818
"39",0.867598110595516,0.850582340284908,0.827512491121434,0.879153936290666,0.733833307499045,0.749901565641792,0.894833851919677,0.779744095497806,0.627100203001479,0.735044637993494,0.809211635344383,0.833738558625248,0.805272325758777,0.737435481906103,0.747059997593701,0.591340674088934,0.680632478384621,0.822752859461297,0.876775820008087,0.814403264037441,0.833548245912172,0.891720798905993,0.813021662474761,0.795869618566264,0.829280688474517,0.878857562333866,0.898916982326079,0.855107054171581,0.867865115185206,0.887225442662471,0.876524874380365,0.795026759640311,0.798489131906997,0.807392467760288,0.842862244907813,0.851822999542898,0.87375159082589,0.798545029808973,1,0.633991750232821
"40",0.600449726880226,0.61408287710385,0.613981334570839,0.639610028969817,0.54369608344845,0.580026625003971,0.64188880367576,0.5726390482593,0.467926813433122,0.555369529646707,0.624171770037028,0.561193064892795,0.545321000147981,0.509022047100595,0.536449620895994,0.464790320538252,0.538358317503899,0.632812323073461,0.607701714305767,0.592205433273561,0.621155862084684,0.654424350061849,0.571128590318689,0.600461723133219,0.579293934742312,0.658558100868165,0.655535816705693,0.612109530960966,0.675162731821243,0.636624671126115,0.694669041615848,0.582882311898327,0.597037568763917,0.594922530549684,0.561295178490405,0.602529990257859,0.599491907016604,0.608479297707818,0.633991750232821,1
